1 185.0
2 190.0
3 188.0
4 184.75
5 180.8
6 182.33333
7 180.57143
8 185.875
9 186.0
10 185.3
11 183.54546
12 185.66667
13 184.46153
14 186.57143
15 185.53334
16 185.8125
17 185.82353
18 186.16667
19 187.36842
20 188.55
21 188.19048
22 189.22728
23 190.69565
24 191.875
25 191.48
26 190.38461
27 190.33333
28 190.64285
29 190.82759
30 190.56667
31 190.67741
32 191.625
33 192.48485
34 193.26471
35 194.0
36 193.30556
37 194.21622
38 193.63158
39 193.35898
40 192.6
41 193.48781
42 193.19048
43 192.60464
44 192.0
45 192.6
46 193.19565
47 192.74467
48 192.35417
49 192.38776
50 192.84
51 193.19608
52 193.82692
53 193.94339
54 194.11111
55 194.54546
56 194.76785
57 195.22807
58 195.51724
59 194.98305
60 195.1
61 195.5082
62 195.20967
63 195.25397
64 195.59375
65 196.03076
66 195.48485
67 195.55225
68 195.48529
69 195.0
70 195.12857
71 195.30986
72 194.84723
73 194.78082
74 194.72974
75 194.54666
76 194.44737
77 194.1039
78 194.0
79 194.32912
80 194.1125
81 194.01234
82 194.36586
83 194.01205
84 193.88095
85 193.75294
86 194.15117
87 194.56322
88 194.875
89 194.76404
90 194.7
91 194.95604
92 194.94565
93 194.70967
94 194.47873
95 194.34737
96 194.70833
97 194.4433
98 194.2653
99 194.58586
100 194.55